# DESCRIPTION: Verilator output: Timestamp data for --skip-identical.  Delete at will.
C "--binary -j 0 --trace Q2_LUT3_TB.sv"
S  10993608   269185  1730800794   408707801  1705136080           0 "/usr/bin/verilator_bin"
S      4942  2785448  1730800794   421707811  1705136080           0 "/usr/share/verilator/include/verilated_std.sv"
S       166  4202676  1731620135   367636914  1731620135   367636914 "AND_3.sv"
S      1971  4202675  1731621243   214139858  1731621243   214139858 "LUT3.sv"
S       164  4202679  1731620135   350636601  1731620135   350636601 "NOR_3.sv"
S       164  4202681  1731620556    19937195  1731620556    19937195 "OR_3.sv"
S       561  4202683  1731620135   367636914  1731620135   367636914 "Q2_LUT3.sv"
S      1905  4202684  1731622468   572700859  1731622468   572700859 "Q2_LUT3_TB.sv"
T      5308  4202716  1731622494   129077149  1731622494   129077149 "obj_dir/VQ2_LUT3_TB.cpp"
T      3376  4202715  1731622494   129077149  1731622494   129077149 "obj_dir/VQ2_LUT3_TB.h"
T      1770  4202732  1731622494   132077193  1731622494   132077193 "obj_dir/VQ2_LUT3_TB.mk"
T      1874  4202713  1731622494   128077134  1731622494   128077134 "obj_dir/VQ2_LUT3_TB__Syms.cpp"
T      1626  4202714  1731622494   129077149  1731622494   129077149 "obj_dir/VQ2_LUT3_TB__Syms.h"
T       311  4202729  1731622494   131077178  1731622494   131077178 "obj_dir/VQ2_LUT3_TB__TraceDecls__0__Slow.cpp"
T      3166  4202728  1731622494   131077178  1731622494   131077178 "obj_dir/VQ2_LUT3_TB__Trace__0.cpp"
T     17490  4202727  1731622494   131077178  1731622494   131077178 "obj_dir/VQ2_LUT3_TB__Trace__0__Slow.cpp"
T      2797  4202718  1731622494   129077149  1731622494   129077149 "obj_dir/VQ2_LUT3_TB___024root.h"
T     10565  4202722  1731622494   131077178  1731622494   131077178 "obj_dir/VQ2_LUT3_TB___024root__DepSet_h5bff8766__0.cpp"
T      1472  4202724  1731622494   131077178  1731622494   131077178 "obj_dir/VQ2_LUT3_TB___024root__DepSet_h5bff8766__0__Slow.cpp"
T     12051  4202726  1731622494   132077193  1731622494   132077193 "obj_dir/VQ2_LUT3_TB___024root__DepSet_h923b44a3__0.cpp"
T      9396  4202725  1731622494   131077178  1731622494   131077178 "obj_dir/VQ2_LUT3_TB___024root__DepSet_h923b44a3__0__Slow.cpp"
T       746  4202721  1731622494   131077178  1731622494   131077178 "obj_dir/VQ2_LUT3_TB___024root__Slow.cpp"
T       822  4202719  1731622494   130077163  1731622494   130077163 "obj_dir/VQ2_LUT3_TB___024unit.h"
T       619  4202723  1731622494   131077178  1731622494   131077178 "obj_dir/VQ2_LUT3_TB___024unit__DepSet_he2c30dfb__0__Slow.cpp"
T       704  4202720  1731622494   131077178  1731622494   131077178 "obj_dir/VQ2_LUT3_TB___024unit__Slow.cpp"
T      1012  4202730  1731622494   132077193  1731622494   132077193 "obj_dir/VQ2_LUT3_TB__main.cpp"
T       719  4202717  1731622494   129077149  1731622494   129077149 "obj_dir/VQ2_LUT3_TB__pch.h"
T       953  4202746  1731622494   132077193  1731622494   132077193 "obj_dir/VQ2_LUT3_TB__ver.d"
T         0        0  1731622494   133077207  1731622494   133077207 "obj_dir/VQ2_LUT3_TB__verFiles.dat"
T      1912  4202731  1731622494   132077193  1731622494   132077193 "obj_dir/VQ2_LUT3_TB_classes.mk"
